# Made in Blockbench 4.1.4
mtllib ascending.mtl

o cube1
v 1.8718750000000002 0.742462120245875 0.6502601910021413
v 1.8718750000000002 0.5656854249492381 0.4734834957055044
v 1.8718750000000002 0.5612660075668222 0.8314563036811942
v 1.8718750000000002 0.38448931227018524 0.6546796083845573
v 0.5 0.5656854249492381 0.4734834957055044
v 0.5 0.742462120245875 0.6502601910021413
v 0.5 0.38448931227018524 0.6546796083845573
v 0.5 0.5612660075668222 0.8314563036811942
vt 0.6875 0.875
vt 0 0.875
vt 0 0.75
vt 0.6875 0.75
vt 0.6875 1
vt 0.8125 1
vt 0.8125 0.875
vt 0.6875 0.875
vt 0 0.875
vt 0.6875 0.875
vt 0.6875 0.75
vt 0 0.75
vt 0 1
vt 0.6875 1
vt 0.6875 0.875
vt 0 0.875
vt 0 0.75
vt 0.6875 0.75
vt 0.6875 0.625
vt 0 0.625
vn 0 -0.7071067811865476 -0.7071067811865475
vn 1 0 0
vn 0 0.7071067811865476 0.7071067811865475
vn 0 0.7071067811865475 -0.7071067811865476
vn 0 -0.7071067811865475 0.7071067811865476
usemtl m_1_0
f 4/4/1 7/3/1 5/2/1 2/1/1
f 3/8/2 4/7/2 2/6/2 1/5/2
f 8/12/3 3/11/3 1/10/3 6/9/3
f 6/16/4 1/15/4 2/14/4 5/13/4
f 7/20/5 4/19/5 3/18/5 8/17/5
o cube2
v 1.8718750000000002 0.4110058165646808 0.31880388732094717
v 1.8718750000000002 0.23422912126804388 0.14202719202431024
v 1.8718750000000002 0.229809703885628 0.5
v 1.8718750000000002 0.053033008588991015 0.32322330470336313
v 0.5 0.23422912126804388 0.14202719202431024
v 0.5 0.4110058165646808 0.31880388732094717
v 0.5 0.053033008588991015 0.32322330470336313
v 0.5 0.229809703885628 0.5
vt 0.6875 0.875
vt 0 0.875
vt 0 0.75
vt 0.6875 0.75
vt 0.6875 1
vt 0.8125 1
vt 0.8125 0.875
vt 0.6875 0.875
vt 0 0.875
vt 0.6875 0.875
vt 0.6875 0.75
vt 0 0.75
vt 0 1
vt 0.6875 1
vt 0.6875 0.875
vt 0 0.875
vt 0 0.75
vt 0.6875 0.75
vt 0.6875 0.625
vt 0 0.625
vn 0 -0.7071067811865476 -0.7071067811865475
vn 1 0 0
vn 0 0.7071067811865476 0.7071067811865475
vn 0 0.7071067811865475 -0.7071067811865476
vn 0 -0.7071067811865475 0.7071067811865476
usemtl m_1_0
f 12/24/6 15/23/6 13/22/6 10/21/6
f 11/28/7 12/27/7 10/26/7 9/25/7
f 16/32/8 11/31/8 9/30/8 14/29/8
f 14/36/9 9/35/9 10/34/9 13/33/9
f 15/40/10 12/39/10 11/38/10 16/37/10
o cube3
v 0.5 0.742462120245875 0.6502601910021413
v 0.5 0.5656854249492381 0.4734834957055044
v 0.5 0.5612660075668222 0.8314563036811942
v 0.5 0.38448931227018524 0.6546796083845573
v -0.871875 0.5656854249492381 0.4734834957055044
v -0.871875 0.742462120245875 0.6502601910021413
v -0.871875 0.38448931227018524 0.6546796083845573
v -0.871875 0.5612660075668222 0.8314563036811942
vt 0 0.875
vt 0.6875 0.875
vt 0.6875 0.75
vt 0 0.75
vt 0.6875 0.875
vt 0 0.875
vt 0 0.75
vt 0.6875 0.75
vt 0.6875 1
vt 0.8125 1
vt 0.8125 0.875
vt 0.6875 0.875
vt 0.6875 0.875
vt 0 0.875
vt 0 1
vt 0.6875 1
vt 0.6875 0.625
vt 0 0.625
vt 0 0.75
vt 0.6875 0.75
vn 0 -0.7071067811865476 -0.7071067811865475
vn 0 0.7071067811865476 0.7071067811865475
vn -1 0 0
vn 0 0.7071067811865475 -0.7071067811865476
vn 0 -0.7071067811865475 0.7071067811865476
usemtl m_1_0
f 20/44/11 23/43/11 21/42/11 18/41/11
f 24/48/12 19/47/12 17/46/12 22/45/12
f 23/52/13 24/51/13 22/50/13 21/49/13
f 22/56/14 17/55/14 18/54/14 21/53/14
f 23/60/15 20/59/15 19/58/15 24/57/15
o cube5
v 1.8718750000000002 1.0739184239270692 0.9817164946833354
v 1.8718750000000002 0.8971417286304324 0.8049397993866986
v 1.8718750000000002 0.8927223112480164 1.1629126073623883
v 1.8718750000000002 0.7159456159513795 0.9861359120657515
v 0.5 0.8971417286304324 0.8049397993866986
v 0.5 1.0739184239270692 0.9817164946833354
v 0.5 0.7159456159513795 0.9861359120657515
v 0.5 0.8927223112480164 1.1629126073623883
vt 0.6875 0.875
vt 0 0.875
vt 0 0.75
vt 0.6875 0.75
vt 0.6875 1
vt 0.8125 1
vt 0.8125 0.875
vt 0.6875 0.875
vt 0 0.875
vt 0.6875 0.875
vt 0.6875 0.75
vt 0 0.75
vt 0 1
vt 0.6875 1
vt 0.6875 0.875
vt 0 0.875
vt 0 0.75
vt 0.6875 0.75
vt 0.6875 0.625
vt 0 0.625
vn 0 -0.7071067811865476 -0.7071067811865475
vn 1 0 0
vn 0 0.7071067811865476 0.7071067811865475
vn 0 0.7071067811865475 -0.7071067811865476
vn 0 -0.7071067811865475 0.7071067811865476
usemtl m_1_0
f 28/64/16 31/63/16 29/62/16 26/61/16
f 27/68/17 28/67/17 26/66/17 25/65/17
f 32/72/18 27/71/18 25/70/18 30/69/18
f 30/76/19 25/75/19 26/74/19 29/73/19
f 31/80/20 28/79/20 27/78/20 32/77/20
o cube4
v 0.5 1.0739184239270692 0.9817164946833354
v 0.5 0.8971417286304324 0.8049397993866986
v 0.5 0.8927223112480164 1.1629126073623883
v 0.5 0.7159456159513795 0.9861359120657515
v -0.871875 0.8971417286304324 0.8049397993866986
v -0.871875 1.0739184239270692 0.9817164946833354
v -0.871875 0.7159456159513795 0.9861359120657515
v -0.871875 0.8927223112480164 1.1629126073623883
vt 0 0.875
vt 0.6875 0.875
vt 0.6875 0.75
vt 0 0.75
vt 0.6875 0.875
vt 0 0.875
vt 0 0.75
vt 0.6875 0.75
vt 0.6875 1
vt 0.8125 1
vt 0.8125 0.875
vt 0.6875 0.875
vt 0.6875 0.875
vt 0 0.875
vt 0 1
vt 0.6875 1
vt 0.6875 0.625
vt 0 0.625
vt 0 0.75
vt 0.6875 0.75
vn 0 -0.7071067811865476 -0.7071067811865475
vn 0 0.7071067811865476 0.7071067811865475
vn -1 0 0
vn 0 0.7071067811865475 -0.7071067811865476
vn 0 -0.7071067811865475 0.7071067811865476
usemtl m_1_0
f 36/84/21 39/83/21 37/82/21 34/81/21
f 40/88/22 35/87/22 33/86/22 38/85/22
f 39/92/23 40/91/23 38/90/23 37/89/23
f 38/96/24 33/95/24 34/94/24 37/93/24
f 39/100/25 36/99/25 35/98/25 40/97/25
o cube6
v 0.5 0.4110058165646808 0.31880388732094717
v 0.5 0.23422912126804388 0.14202719202431024
v 0.5 0.229809703885628 0.5
v 0.5 0.053033008588991015 0.32322330470336313
v -0.871875 0.23422912126804388 0.14202719202431024
v -0.871875 0.4110058165646808 0.31880388732094717
v -0.871875 0.053033008588991015 0.32322330470336313
v -0.871875 0.229809703885628 0.5
vt 0 0.875
vt 0.6875 0.875
vt 0.6875 0.75
vt 0 0.75
vt 0.6875 0.875
vt 0 0.875
vt 0 0.75
vt 0.6875 0.75
vt 0.6875 1
vt 0.8125 1
vt 0.8125 0.875
vt 0.6875 0.875
vt 0.6875 0.875
vt 0 0.875
vt 0 1
vt 0.6875 1
vt 0.6875 0.625
vt 0 0.625
vt 0 0.75
vt 0.6875 0.75
vn 0 -0.7071067811865476 -0.7071067811865475
vn 0 0.7071067811865476 0.7071067811865475
vn -1 0 0
vn 0 0.7071067811865475 -0.7071067811865476
vn 0 -0.7071067811865475 0.7071067811865476
usemtl m_1_0
f 44/104/26 47/103/26 45/102/26 42/101/26
f 48/108/27 43/107/27 41/106/27 46/105/27
f 47/112/28 48/111/28 46/110/28 45/109/28
f 46/116/29 41/115/29 42/114/29 45/113/29
f 47/120/30 44/119/30 43/118/30 48/117/30
o rail1
v 1.5968749999999998 1.1181125977512283 1.114299016155813
v 1.5968749999999998 0.10164659979556617 0.097833018200151
v 1.5968749999999998 1.1159028890600204 1.1165087248470211
v 1.5968749999999998 0.09943689110435822 0.10004272689135901
v 1.334375 0.10164659979556617 0.097833018200151
v 1.334375 1.1181125977512283 1.114299016155813
v 1.334375 0.09943689110435822 0.10004272689135901
v 1.334375 1.1159028890600204 1.1165087248470211
vt 0.71875 0.375
vt 0.71875 0.25
vt 0 0.25
vt 0 0.375
vt 0.71875 0.375
vt 0.71875 0.25
vt 0 0.25
vt 0 0.375
vn 0 0.7071067811865475 -0.7071067811865476
vn 0 -0.7071067811865475 0.7071067811865476
usemtl m_1_0
f 54/124/31 49/123/31 50/122/31 53/121/31
f 55/128/32 52/127/32 51/126/32 56/125/32
o rail2
v 1.5906250000000002 1.3125669625775287 0.9198446513295127
v 1.5906250000000002 0.2961009646218666 -0.09662134662614941
v 1.5906250000000002 1.3103572538863208 0.9220543600207206
v 1.5906250000000002 0.2938912559306586 -0.09441163793494145
v 1.340625 0.2961009646218666 -0.09662134662614941
v 1.340625 1.3125669625775287 0.9198446513295127
v 1.340625 0.2938912559306586 -0.09441163793494145
v 1.340625 1.3103572538863208 0.9220543600207206
vt 0.71875 0.5
vt 0.71875 0.375
vt 0 0.375
vt 0 0.5
vt 0.71875 0.375
vt 0.71875 0.25
vt 0 0.25
vt 0 0.375
vn 0 0.7071067811865475 -0.7071067811865476
vn 0 -0.7071067811865475 0.7071067811865476
usemtl m_1_0
f 62/132/33 57/131/33 58/130/33 61/129/33
f 63/136/34 60/135/34 59/134/34 64/133/34
o rail3
v 1.5625 1.3125669625775287 0.9198446513295127
v 1.5625 0.2961009646218666 -0.09662134662614941
v 1.5625 1.1181125977512283 1.114299016155813
v 1.5625 0.10164659979556617 0.097833018200151
v 1.36875 0.2961009646218666 -0.09662134662614941
v 1.36875 1.3125669625775287 0.9198446513295127
v 1.36875 0.10164659979556617 0.097833018200151
v 1.36875 1.1181125977512283 1.114299016155813
vt 0.6875 0.875
vt 0.78125 0.875
vt 0.78125 0.75
vt 0.6875 0.75
vt 0 0.625
vt 0.71875 0.625
vt 0.71875 0.5
vt 0 0.5
vt 0.6875 0.875
vt 0.78125 0.875
vt 0.78125 0.75
vt 0.6875 0.75
vt 0 0.625
vt 0.71875 0.625
vt 0.71875 0.5
vt 0 0.5
vn 0 -0.7071067811865476 -0.7071067811865475
vn 1 0 0
vn 0 0.7071067811865476 0.7071067811865475
vn -1 0 0
usemtl m_1_0
f 68/140/35 71/139/35 69/138/35 66/137/35
f 67/144/36 68/143/36 66/142/36 65/141/36
f 72/148/37 67/147/37 65/146/37 70/145/37
f 71/152/38 72/151/38 70/150/38 69/149/38
o rail4
v -0.34062499999999996 1.3125669625775287 0.9198446513295127
v -0.34062499999999996 0.2961009646218666 -0.09662134662614941
v -0.34062499999999996 1.3103572538863208 0.9220543600207206
v -0.34062499999999996 0.2938912559306586 -0.09441163793494145
v -0.590625 0.2961009646218666 -0.09662134662614941
v -0.590625 1.3125669625775287 0.9198446513295127
v -0.590625 0.2938912559306586 -0.09441163793494145
v -0.590625 1.3103572538863208 0.9220543600207206
vt 0.71875 0.375
vt 0.71875 0.5
vt 0 0.5
vt 0 0.375
vt 0.71875 0.25
vt 0.71875 0.375
vt 0 0.375
vt 0 0.25
vn 0 0.7071067811865475 -0.7071067811865476
vn 0 -0.7071067811865475 0.7071067811865476
usemtl m_1_0
f 78/156/39 73/155/39 74/154/39 77/153/39
f 79/160/40 76/159/40 75/158/40 80/157/40
o rail5
v -0.36875 1.3125669625775287 0.9198446513295127
v -0.36875 0.2961009646218666 -0.09662134662614941
v -0.36875 1.1181125977512283 1.114299016155813
v -0.36875 0.10164659979556617 0.097833018200151
v -0.5625 0.2961009646218666 -0.09662134662614941
v -0.5625 1.3125669625775287 0.9198446513295127
v -0.5625 0.10164659979556617 0.097833018200151
v -0.5625 1.1181125977512283 1.114299016155813
vt 0.78125 0.875
vt 0.6875 0.875
vt 0.6875 0.75
vt 0.78125 0.75
vt 0.71875 0.625
vt 0 0.625
vt 0 0.5
vt 0.71875 0.5
vt 0.78125 0.875
vt 0.6875 0.875
vt 0.6875 0.75
vt 0.78125 0.75
vt 0.71875 0.625
vt 0 0.625
vt 0 0.5
vt 0.71875 0.5
vn 0 -0.7071067811865476 -0.7071067811865475
vn 1 0 0
vn 0 0.7071067811865476 0.7071067811865475
vn -1 0 0
usemtl m_1_0
f 84/164/41 87/163/41 85/162/41 82/161/41
f 83/168/42 84/167/42 82/166/42 81/165/42
f 88/172/43 83/171/43 81/170/43 86/169/43
f 87/176/44 88/175/44 86/174/44 85/173/44
o rail6
v -0.334375 1.1181125977512283 1.114299016155813
v -0.334375 0.10164659979556617 0.097833018200151
v -0.334375 1.1159028890600204 1.1165087248470211
v -0.334375 0.09943689110435822 0.10004272689135901
v -0.596875 0.10164659979556617 0.097833018200151
v -0.596875 1.1181125977512283 1.114299016155813
v -0.596875 0.09943689110435822 0.10004272689135901
v -0.596875 1.1159028890600204 1.1165087248470211
vt 0.71875 0.25
vt 0.71875 0.375
vt 0 0.375
vt 0 0.25
vt 0.71875 0.25
vt 0.71875 0.375
vt 0 0.375
vt 0 0.25
vn 0 0.7071067811865475 -0.7071067811865476
vn 0 -0.7071067811865475 0.7071067811865476
usemtl m_1_0
f 94/180/45 89/179/45 90/178/45 93/177/45
f 95/184/46 92/183/46 91/182/46 96/181/46